0
119
194
258
315
368
419
466
512
556
599
640
680
719
758
795
832
972
1105
1231
1351
1467
1580
1689
1795
1898
1999
2098
2195
2290
2384
2476
2566
2655
2743
2830
2915
3000
3083
3166
3248
3328
3408
3487
3566
3872
4169
4456
4736
5009
5276
5537
5793
6044
6290
6533
6772
7007
7239
7468
7694
7917
8137
8355
8570
8783
8994
9203
9410
11001
12498
13922
15287
16600
17871
19104
20304
21474
22617
23736
24833
25910
26967
28008
29031
30040
31034
32015
32983
33939
34884
35818
36742
37655
38560
39455
40342
41220
42090
42953
43809
44657
45498
46333
47162
47984
48800
49611
50416
51215
52009
52798
53582
54361
55135
55904
56670
57430
58187
58939
59687
60431
61171
61908
62640
63369
64095
64817
65513
65513
65513
65513
65513
65513
65513
65513
65513
65513
65513
65513
65513
65513
65513
65513
65513
65513
65513
65513
65513
65513
65513
65513
65513
65513
65513
65513
65513
65513
65513
65513
65513
65513
65513
65513
65513
65513
65513
65513
65513
65513
65513
65513
65513
65513
65513
65513
65513
65513
65513
65513
65513
65513
65513
65513
65513
65513
65513
65513
65513
65513
65513
65513
65513
65513
65513
65513
65513
65513
65513
65513
65513
65513
65513
65513
65513
65513
65513
65513
65513
65513
65513
65513
65513
65513
65513
65513
65513
65513
65513
65513
65513
65513
65513
65513
65513
65513
65513
65513
65513
65513
65513
65513
65513
65513
65513
65513
65513
65513
65513
65513
65513
65513
65513
65513
65513
65513
65513
65513
65513
65513
65513
65513
65513
65513
65513
65513
65513
65513
65513
65513
65513
65513
65513
65513
65513
65513
65513
65513
65513
65513
65513
65513
65513
65513
65513
65513
65513
65513
65513
65513
65513
65513
65513
65513
65513
65513
65513
65513
65513
65513
65513
65513
65513
65513
65513
65513
65513
65513
65513
65513
65513
65513
65513
65513
65513
65513
65513
65513
65513
65513
65513
65513
65513
65513
65513
65513
65513
65513
65513
65513
65513
65513
65513
65513
65513
65513
65513
65513
65513
65513
65513
65513
65513
65513
65513
65513
65513
65513
65513
65513
65513
65513
65513
65513
65513
65513
65513
65513
65513
65513
65513
65513
65513
65513
65513
65513
65513
65513
65513
65513
65513
65513
65513
65513
65513
65513
65513
65513
65513
65513
65513
65513
65513
65513
65513
65513
65513
65513
65513
65513
65513
65513
65513
65513
65513
65513
65513
65513
65513
65513
65513
65513
65513
65513
65513
65513
65513
65513
65513
65513
65513
65513
65513
65513
65513
65513
65513
65513
65513
65513
65513
65513
65513
65513
65513
65513
65513
65513
65513
65513
65513
65513
65513
65513
65513
65513
65513
65513
65513
65513
65513
65513
65513
65513
65513
65513
65513
65513
65513
65513
65513
65513
65513
65513
65513
65513
65513
65513
65513
65513
65513
65513
65513
65513
65513
65513
65513
65513
65513
65513
65513
65513
65513
65513
65513
65513
65513
65513
65513
65513
65513
65513
65513
65513
65513
65513
65513
65513
65513
65513
65513
65513
65513
65513
65513
65513
65513
65513
65513
65513
65513
65513
65513
65513
65513
65513
65513
65513
65513
65513
65513
65513
65513
65513
65513
65513
65513
65513
65513
65513
65513
65513
65513
65513
65513
65513
65513
65513
65513
65513
65513
65513
65513
65513
65513
65513
65513
65513
65513
65513
65513
65513
65513
65513
65513
65513
65513
65513
65513
65513
65513
65513
65513
65513
65513
65513
65513
65513
65513
65513
65513
65513
65513
65513
65513
65513
65513
65513
65513
65513
65513
65513
65513
65513
65513
65513
65513
65513
65513
65513
65513
65513
65513
65513
65513
65513
65513
65513
65513
65513
65513
65513
65513
65513
65513
65513
65513
65513
65513
65513
65513
65513
65513
65513
65513
65513
65513
65513
65513
65513
65513
65513
65513
65513
65513
65513
65513
65513
65513
65513
65513
65513
65513
65513
65513
65513
65513
65513
65513
65513
65513
65513
65513
65513
65513
65513
65513
65513
65513
65513
65513
65513
65513
65513
65513
65513
65513
65513
65513
