0
35
54
69
83
95
107
118
128
138
147
156
165
173
182
190
197
205
212
220
227
234
241
248
254
261
267
274
280
286
292
298
304
310
316
322
328
333
339
344
350
355
361
366
371
377
382
387
392
397
402
407
412
417
422
427
432
437
441
446
451
456
460
465
469
474
479
483
488
492
496
501
505
510
514
518
523
527
531
535
540
544
548
552
556
560
565
569
573
577
581
585
589
593
597
601
605
609
613
617
620
624
628
632
636
640
643
647
651
655
658
662
666
670
673
677
681
684
688
692
695
699
703
706
710
713
717
720
724
738
752
766
779
793
806
819
832
845
858
871
883
896
908
921
933
945
957
969
981
992
1004
1016
1027
1038
1050
1061
1072
1083
1094
1105
1116
1127
1138
1149
1160
1170
1181
1191
1202
1212
1222
1233
1243
1253
1263
1273
1283
1294
1303
1313
1323
1333
1343
1353
1362
1372
1382
1391
1401
1410
1420
1429
1438
1448
1457
1466
1476
1485
1494
1503
1512
1521
1530
1539
1548
1557
1566
1575
1584
1593
1602
1610
1619
1628
1636
1645
1654
1662
1671
1679
1688
1696
1705
1713
1722
1730
1739
1747
1755
1763
1772
1780
1788
1796
1805
1813
1821
1829
1837
1845
1853
1861
1869
1877
1885
1893
1901
1909
1917
1925
1933
1941
1948
1956
1964
1972
1979
1987
1995
2003
2010
2018
2025
2033
2041
2048
2056
2063
2071
2078
2086
2093
2101
2108
2116
2123
2131
2138
2145
2153
2160
2167
2175
2182
2189
2197
2204
2211
2218
2226
2233
2240
2247
2254
2261
2269
2276
2283
2290
2297
2304
2311
2318
2325
2332
2339
2346
2353
2360
2367
2374
2381
2388
2395
2402
2408
2415
2422
2429
2436
2443
2450
2456
2463
2470
2477
2483
2490
2497
2504
2510
2517
2524
2530
2537
2544
2550
2557
2564
2570
2577
2583
2590
2597
2603
2610
2616
2623
2629
2636
2642
2649
2655
2662
2668
2675
2681
2688
2694
2700
2707
2713
2720
2726
2732
2739
2745
2752
2758
2764
2771
2777
2783
2789
2796
2802
2808
2815
2821
2827
2833
2840
2846
2852
2858
2864
2871
2877
2883
2889
2895
2901
2908
2914
2920
2926
2932
2938
2944
2950
2956
2962
2969
2975
2981
2987
2993
2999
3005
3011
3017
3023
3029
3035
3041
3047
3053
3059
3065
3071
3076
3082
3088
3094
3100
3106
3112
3118
3124
3130
3135
3141
3147
3153
3159
3165
3171
3176
3182
3188
3194
3200
3205
3211
3217
3223
3229
3234
3240
3246
3252
3257
3263
3269
3274
3280
3286
3292
3297
3303
3309
3314
3320
3326
3331
3337
3343
3348
3354
3360
3365
3371
3376
3382
3388
3393
3399
3404
3410
3416
3421
3427
3432
3438
3443
3449
3454
3460
3466
3471
3477
3482
3488
3493
3499
3504
3510
3515
3521
3526
3531
3537
3542
3548
3553
3559
3564
3570
3575
3580
3586
3591
3597
3602
3607
3613
3618
3624
3629
3634
3640
3645
3650
3656
3661
3666
3672
3677
3682
3688
3693
3698
3704
3709
3714
3720
3725
3730
3736
3741
3746
3751
3757
3762
3767
3772
3778
3783
3788
3793
3799
3804
3809
3814
3819
3825
3830
3835
3840
3845
3851
3856
3861
3866
3871
3877
3882
3887
3892
3897
3902
3907
3913
3918
3923
3928
3933
3938
3943
3948
3954
3959
3964
3969
3974
3979
3984
3989
3994
3999
4004
4010
4015
4020
4025
4030
4035
4040
4045
4050
4055
4060
4065
4070
4075
4080
4085
4090
4095
4095
4095
4095
4095
4095
4095
4095
4095
4095
4095
4095
4095
4095
4095
4095
4095
4095
4095
4095
4095
4095
4095
4095
4095
4095
4095
4095
4095
4095
4095