0
18
29
39
48
56
64
71
78
85
91
98
104
110
116
122
128
134
139
145
150
155
161
166
171
176
181
186
191
196
200
205
210
215
219
224
228
233
237
242
246
251
255
259
264
268
272
276
280
285
289
293
297
301
305
309
313
317
321
325
329
333
337
341
344
348
352
356
360
363
367
371
375
378
382
386
389
393
397
400
404
408
411
415
418
422
425
429
432
436
439
443
446
450
453
457
460
464
467
470
474
477
481
484
487
491
494
497
501
504
507
510
514
517
520
524
527
530
533
536
540
543
546
549
552
556
559
562
565
578
590
603
615
627
639
651
663
675
686
698
710
721
732
744
755
766
777
788
799
810
821
832
843
854
864
875
885
896
906
917
927
938
948
958
968
978
989
999
1009
1019
1029
1038
1048
1058
1068
1078
1087
1097
1107
1116
1126
1136
1145
1155
1164
1174
1183
1192
1202
1211
1220
1229
1239
1248
1257
1266
1275
1284
1294
1303
1312
1321
1330
1339
1347
1356
1365
1374
1383
1392
1401
1409
1418
1427
1435
1444
1453
1461
1470
1479
1487
1496
1504
1513
1521
1530
1538
1547
1555
1564
1572
1580
1589
1597
1605
1614
1622
1630
1638
1647
1655
1663
1671
1679
1688
1696
1704
1712
1720
1728
1736
1744
1752
1760
1768
1776
1784
1792
1800
1808
1816
1824
1832
1840
1847
1855
1863
1871
1879
1887
1894
1902
1910
1918
1925
1933
1941
1948
1956
1964
1971
1979
1987
1994
2002
2010
2017
2025
2032
2040
2047
2055
2062
2070
2077
2085
2092
2100
2107
2115
2122
2130
2137
2145
2152
2159
2167
2174
2181
2189
2196
2203
2211
2218
2225
2233
2240
2247
2254
2262
2269
2276
2283
2291
2298
2305
2312
2319
2326
2334
2341
2348
2355
2362
2369
2376
2384
2391
2398
2405
2412
2419
2426
2433
2440
2447
2454
2461
2468
2475
2482
2489
2496
2503
2510
2517
2524
2531
2538
2545
2551
2558
2565
2572
2579
2586
2593
2600
2606
2613
2620
2627
2634
2641
2647
2654
2661
2668
2675
2681
2688
2695
2702
2708
2715
2722
2728
2735
2742
2749
2755
2762
2769
2775
2782
2789
2795
2802
2809
2815
2822
2829
2835
2842
2848
2855
2862
2868
2875
2881
2888
2894
2901
2908
2914
2921
2927
2934
2940
2947
2953
2960
2966
2973
2979
2986
2992
2999
3005
3012
3018
3025
3031
3037
3044
3050
3057
3063
3070
3076
3082
3089
3095
3102
3108
3114
3121
3127
3133
3140
3146
3153
3159
3165
3172
3178
3184
3190
3197
3203
3209
3216
3222
3228
3235
3241
3247
3253
3260
3266
3272
3278
3285
3291
3297
3303
3310
3316
3322
3328
3334
3341
3347
3353
3359
3365
3372
3378
3384
3390
3396
3402
3408
3415
3421
3427
3433
3439
3445
3451
3458
3464
3470
3476
3482
3488
3494
3500
3506
3512
3518
3525
3531
3537
3543
3549
3555
3561
3567
3573
3579
3585
3591
3597
3603
3609
3615
3621
3627
3633
3639
3645
3651
3657
3663
3669
3675
3681
3687
3693
3699
3705
3711
3717
3723
3728
3734
3740
3746
3752
3758
3764
3770
3776
3782
3788
3793
3799
3805
3811
3817
3823
3829
3835
3840
3846
3852
3858
3864
3870
3876
3881
3887
3893
3899
3905
3911
3916
3922
3928
3934
3940
3945
3951
3957
3963
3969
3974
3980
3986
3992
3997
4003
4009
4015
4021
4026
4032
4038
4043
4049
4055
4061
4066
4072
4078
4084
4089
4095
4095
4095
4095
4095
4095
4095
4095
4095
4095
4095
4095
4095
4095
4095
4095
4095
4095
4095
4095
4095
4095
4095
4095
4095
4095
4095
4095
4095
4095
4095